A1:43.646832:-70.313653
A2:43.646733:-70.312272
A3:43.646666:-70.311313
A4:43.646607:-70.310306
A5:43.646564:-70.309359
A6:43.646587:-70.308553
A7:43.646542:-70.307890
G1:43.649067:-70.308204
G2:43.649510:-70.308269
G3:43.649906:-70.308335
G4:43.650395:-70.308347
G5:43.650687:-70.308362
C1:43.648944:-70.302768
C2:43.649045:-70.302317